maps/altitude.asc
ncols	 44
nrows	 54
xllcorner	 nil
yllcorner	 nil
cellSize	 0
NODATA_value	 0
[rows 0 to 20 of 54, columns 0 to 43 of 44]
1403.29999457465 1398.89888509115 1398.02779134115 1399.03446451823 1397.44222005208 1399.65999348958 1399.95890299479 1396.27888997396 1384.26886664497 1366.76110839844 1340.65889485677 1317.64112684462 1288.08443196615 1240.61889648438 1198.00111219618 1157.70111762153 1122.32221137153 1094.93221028646 1093.93889702691 1096.01666937934 1106.72776963976 1113.51443142361 1106.80445692274 1097.78112792969 1078.92778862847 1032.83668348524 978.333326551649 929.367784288194 889.731113009983 859.878892686632 819.657775878906 792.915554470486 786.135552300347 785.342230902778 784.683336046007 792.219991048177 807.728888617622 821.79000515408 834.042229546441 842.14889187283 856.102220323351 869.727783203125 888.974446614583 917.259996202257
1430.28888617622 1428.58443196615 1425.3544514974 1420.56888834635 1408.73777940538 1402.43443467882 1390.20331488715 1377.58554416233 1357.41333007812 1334.56667751736 1312.33997938368 1278.29888237847 1248.77556694878 1211.10555013021 1170.22001139323 1130.67776150174 1095.4811062283 1066.35887315538 1050.18222384983 1054.19889322917 1067.05221896701 1069.18111165365 1058.28000217014 1050.64444986979 1039.50555419922 1006.43777126736 956.471110026042 904.54000515408 866.635565863715 833.571105957031 803.693318684896 787.823330349392 785.066670735677 785.565544976128 782.627766927083 790.630004882812 812.636664496528 843.005554199219 853.560004340278 865.402221679688 883.442213270399 909.649990505642 933.089999728733 959.34332953559
1453.55555555556 1440.41666666667 1420.82888454861 1391.25222439236 1365.49666341146 1348.06224229601 1332.28666178385 1316.76334635417 1297.71110026042 1276.1777750651 1260.12889268663 1236.13665093316 1210.22886827257 1177.6722140842 1140.72334798177 1105.52001953125 1069.69668240017 1037.80887179905 1015.49665662977 1016.5266655816 1027.57111273872 1027.01331244575 1012.07333034939 1002.89889865451 998.724433051215 978.88333468967 934.207790798611 883.90667046441 837.912217881944 807.682223849826 790.142211914062 784.47223578559 784.268893771701 784.767774793837 781.841111924913 794.689995659722 821.07223171658 854.651109483507 879.962219238281 901.351114908854 911.328904893663 921.313327365451 942.932217068142 965.535549587674
1424.64112684462 1393.03777398003 1365.88110351562 1340.60111490885 1317.27113172743 1300.13776312934 1284.69444444444 1266.81222873264 1251.29222276476 1228.82554796007 1212.72776963976 1194.10778808594 1170.73776584201 1146.65778266059 1112.22555881076 1076.6666531033 1042.34220377604 1007.11222330729 982.579996744792 980.649990505642 988.287773980035 983.782219780816 966.748894585503 952.045566134983 954.978888617622 947.470004611545 905.397772894965 861.211113823785 817.267781575521 793.186672634549 784.501112196181 783.563340928819 783.561109754774 783.916673448351 781.426662868924 797.358893500434 830.260002983941 858.586676703559 890.405551486545 919.548889160156 943.161112467448 956.199998643663 965.974446614583 974.899997287326
1383.70777723524 1351.97223578559 1322.81666395399 1298.2422281901 1276.25111219618 1256.71111382378 1241.04444715712 1225.71889919705 1208.91223144531 1190.20445421007 1166.66554090712 1155.41334364149 1134.53556315104 1114.4411078559 1085.62444390191 1049.70334201389 1014.17666286892 978.551106770833 948.430006239149 948.792222764757 948.98444281684 941.52333577474 930.597778320312 909.743333604601 909.546664767795 910.607767740885 881.947774251302 836.821119520399 805.176669650608 786.306667751736 782.523342556424 782.45888264974 782.623331705729 782.982225206163 780.354444715712 792.250013563368 812.393337673611 844.374437120226 872.066670735677 903.151116265191 939.32334391276 960.036668565538 970.987779405382 975.797776963976
1346.48221842448 1317.87555609809 1289.15112304688 1263.4189046224 1240.22555881076 1218.85332573785 1201.36555989583 1185.95334201389 1167.82667371962 1151.94778103299 1122.65890842014 1116.03111436632 1099.83222113715 1079.14111328125 1059.30444335938 1030.74778238932 993.503329806858 953.591105143229 917.52444797092 913.852227105035 908.475565592448 898.918891059028 907.635559082031 881.651095920139 870.773322211372 872.279995388455 861.124437120226 818.051113552517 790.751105414497 781.726671006944 781.35888671875 781.538886176215 781.79889594184 781.788899739583 779.845560709635 788.356669108073 804.00889078776 828.974439832899 851.147779676649 880.462226019965 917.852220323351 927.110005696615 946.98333062066 957.859998914931
1311.99555121528 1288.82666015625 1260.59224446615 1230.48334418403 1206.90778266059 1185.46222601997 1164.42666286892 1148.91889105903 1131.52665201823 1112.67110188802 1084.8955485026 1077.18778483073 1065.06887478299 1045.00335015191 1029.37777370877 1008.36666531033 981.560011121962 944.049987792969 896.370008680556 874.252231174045 874.264438205295 861.126661512587 880.422220865885 866.314446343316 844.048889160156 835.283338758681 828.922220865885 801.124450683594 783.701110839844 780.260002983941 780.376688639323 780.589992947049 781.177775065104 781.060004340278 779.691101074219 785.765563964844 798.259996202257 818.554456922743 837.028883192274 863.674445258247 882.998887803819 895.455552842882 915.563327365451 931.885565863715
1275.39998372396 1257.60222710503 1233.01890733507 1201.84777832031 1175.6911078559 1154.02334255642 1132.51000976562 1114.84109157986 1098.02223036024 1076.39888509115 1053.99888780382 1042.12112087674 1029.97887505425 1012.00332980686 998.934434678819 986.072224934896 966.593336317274 940.497768825955 904.061116536458 859.869995117188 844.224433051215 833.151109483507 834.235555013021 843.584431966146 839.265550401476 815.494445800781 801.473341200087 786.506666395399 780.783345540365 779.448893229167 779.621107313368 779.952223036024 780.22555202908 780.296671549479 778.251105414497 786.191107855903 795.543328179253 809.571112738715 824.158888075087 842.45221625434 857.85888671875 870.178887261285 882.922220865885 900.221110026042
1234.83555772569 1223.02335611979 1202.80335828993 1175.92888726128 1147.16442871094 1123.22889539931 1101.42666286892 1082.92445203993 1065.54443359375 1043.32891167535 1025.12888590495 1009.77889675564 998.025546603733 979.029995388455 965.356662326389 961.647786458333 948.327765570747 923.901102701823 893.361111111111 863.672234429253 841.305548773872 825.078898111979 813.073330349392 808.887783474392 810.558898925781 803.330003526476 787.101121690538 780.697774251302 778.771104600694 778.685546875 778.722229003906 779.284444173177 779.558892144097 780.195563422309 777.518886990017 788.478888617622 799.095560709635 813.659993489583 827.722222222222 840.687771267361 850.038899739583 860.827779134115 871.226671006944 881.161105685764
1180.14446343316 1185.72332085503 1171.29999457465 1149.88001844618 1119.36778428819 1093.64667426215 1072.3544514974 1052.18444824219 1035.79332817925 1011.6988796658 993.972208658854 976.02333577474 965.638888888889 943.748887803819 925.890001085069 917.618889702691 902.667772081163 896.493333604601 866.127773708767 847.764444986979 843.072224934896 823.426669650608 812.55667453342 802.539998372396 796.675557454427 790.337775336372 780.856662326389 778.280008951823 777.55556233724 777.584445529514 777.744439019097 778.094441731771 778.323337131076 778.852227105035 778.088887532552 790.172220865885 803.784444173177 825.087768554688 848.496670193142 865.740003797743 877.088894314236 886.651109483507 895.885559082031 903.951110839844
1110.83779568142 1143.99001736111 1139.3978000217 1124.20776367188 1095.84556749132 1065.13221571181 1044.90445963542 1026.3522406684 1008.34777832031 984.547790527344 966.477789984809 944.362230088976 923.208875868056 903.398885091146 887.445549858941 870.415554470486 858.606669108073 851.886664496528 843.589999728733 825.084445529514 823.668891059028 826.295566134983 813.467787000868 799.17333984375 789.463338216146 782.182223849826 778.358893500434 777.103332519531 776.893337673611 776.710001627604 777.032212999132 777.063340928819 777.319993760851 775.782219780816 780.668897840712 791.477776421441 811.323337131076 843.578898111979 871.997775607639 893.685546875 908.960001627604 921.426676432292 927.618882921007 932.246663411458
1064.24110243056 1103.95665147569 1106.06443956163 1098.3466796875 1073.30777994792 1036.55443657769 1010.50109863281 1001.3955485026 984.498881022135 962.589999728733 940.951110839844 919.627780490451 889.132215711806 869.665554470486 857.055541992188 844.829996744792 834.558892144097 828.037773980035 822.154452853733 811.316663953993 807.605550130208 815.961100260417 815.036661783854 789.913330078125 779.116672092014 777.176662868924 776.734449598524 776.09332953559 775.982218424479 776.176669650608 776.74110921224 776.607794867622 776.213331434462 775.514438205295 783.661112467448 798.346672905816 828.442226833767 861.079996744792 887.604437934028 919.058892144097 947.652221679688 957.317776150174 957.632215711806 960.07666015625
1040.13666449653 1064.70556640625 1070.05890570747 1071.79111056858 1052.0133327908 1002.16666666667 966.926662868924 971.153340657552 963.804443359375 946.763332790799 925.713338216146 904.725565592448 877.813327365451 854.417778862847 840.916666666667 828.904439290365 819.886671278212 812.978888617622 805.496670193142 798.725545247396 797.073337131076 797.031121148003 790.415547688802 778.514451768663 774.731106228299 774.706665039062 775.005554199219 775.078877766927 775.328891330295 775.447781032986 775.70999484592 775.741102430556 773.859998914931 780.188883463542 789.856669108073 812.899997287326 847.281107584635 882.181111653646 908.143337673611 938.094448513455 969.227783203125 972.975565592448 973.37444390191 975.353332519531
991.822224934896 1015.6711086697 1020.72334120009 1030.12556287977 1031.22889539931 988.328891330295 944.86777750651 930.123331705729 938.323337131076 934.163330078125 912.049994574653 894.173326280382 874.243326822917 848.171115451389 831.530002170139 820.841111924913 810.847771538628 804.062221950955 797.389987521701 790.891106499566 788.661112467448 784.905558268229 777.072218153212 773.86777750651 773.336669921875 773.442220052083 773.732211642795 773.992228190104 774.166666666667 774.522230360243 774.390001085069 773.313327365451 778.422220865885 788.281121148003 803.945556640625 830.084452311198 866.010002983941 907.127780490451 934.576666937934 947.204440646701 968.236667209201 973.441107855903 975.375549316406 976.853332519531
933.940002441406 963.177781846788 964.153327094184 976.194451226128 1005.28000217014 986.987779405382 943.657769097222 912.65778266059 905.505554199219 922.524441189236 914.755554199219 898.119988335503 867.526665581597 838.118889702691 823.155558268229 814.865559895833 805.886664496528 799.427775065104 793.60888671875 788.602227105035 782.771111382378 777.575561523438 773.866672092014 772.82223171658 772.378885904948 772.441121419271 772.942226833767 773.173333062066 773.669996473524 773.954440646701 772.80221218533 776.993340386285 785.642218695747 800.830003526476 820.68223063151 846.640007866753 882.911112467448 924.87555609809 960.982218424479 969.581108940972 972.681098090278 974.16556125217 975.502224392361 975.846666124132
897.94667561849 923.315551757812 921.911112467448 935.345553927951 957.940002441406 977.586669921875 938.139994303385 902.677775065104 882.634453667535 900.451110839844 911.344441731771 904.612223307292 885.953328450521 855.538886176215 830.944444444444 818.420010036892 808.08555094401 797.166673448351 790.054443359375 786.244439019097 779.579989963108 775.142218695747 772.645548502604 771.717766655816 771.464436848958 771.732225206163 772.127780490451 772.604444715712 772.978888617622 772.184448242188 775.335557725694 781.004448784722 789.712232801649 808.997775607639 832.308892144097 863.342210557726 899.030008951823 943.44667561849 972.011108398438 973.466668023003 970.033331976997 968.556667751736 967.95999484592 969.878892686632
879.316663953993 888.501118977865 894.722215440538 905.36777750651 920.541110568576 956.2822265625 938.820000542535 902.677775065104 871.38222249349 869.401116265191 883.304443359375 892.152221679688 887.356669108073 873.172227647569 858.086669921875 844.958889431424 824.880004882812 801.524441189236 786.236673990885 779.95888264974 775.721110026042 773.142218695747 770.678887261285 770.329996744792 770.461113823785 771.126668294271 771.641099717882 771.917785644531 771.527770996094 773.847785101997 779.714436848958 782.833333333333 795.838887532552 819.672227647569 845.800001356337 882.488891601562 918.972222222222 956.068888346354 971.446668836806 962.925564236111 950.738891601562 945.096666124132 941.45110405816 944.842210557726
863.578884548611 866.605550130208 876.661112467448 884.661112467448 899.928887261285 942.496663411458 936.580003526476 902.211100260417 865.005554199219 841.753329806858 846.012227376302 858.405558268229 860.38333468967 843.374450683594 842.810004340278 846.262213812934 832.06776936849 803.70556640625 781.19332546658 775.152235243056 772.671122233073 770.102213541667 769.655551486545 769.581108940972 769.828891330295 770.797776963976 771.123331705729 770.978888617622 771.630004882812 777.771104600694 781.445549858941 790.273315429688 808.532219780816 832.871107313368 863.006666395399 896.051113552517 937.473327636719 967.737779405382 963.267774793837 942.850002712674 930.463324652778 920.306667751736 914.95888264974 918.543341742622
854.781114366319 852.392225477431 857.586663140191 863.511108398438 882.383341471354 913.532219780816 919.712219238281 898.492214626736 867.844434950087 843.581115722656 826.114447699653 826.570000542535 823.841105143229 813.768886990017 812.666659884983 822.192213270399 815.897779676649 792.413343641493 773.573330349392 770.700005425347 769.989997016059 768.252217610677 768.408888075087 768.994445800781 769.536661783854 770.052225748698 770.671115451389 770.113335503472 773.869988335503 779.135559082031 789.367784288194 804.34221733941 826.841118706597 854.116658528646 889 917.288886176215 951.844441731771 969.071099175347 949.992228190104 926.882229275174 910.095560709635 900.562221950955 899.126675075955 901.869988335503
850.843322753906 841.134440104167 841.397779676649 848.809997558594 861.628885904948 875.644436306424 875.364454481337 880.471103244358 877.134446885851 855.732225206163 829.261121961806 813.415554470486 806.227776421441 801.371107313368 796.853332519531 795.678880479601 792.95221625434 778.483337402344 769.383327907986 768.006659613715 767.689995659722 767.388882107205 767.245551215278 768.455552842882 769.144449869792 769.394443088108 769.064439561632 773.662224663628 777.755547417535 784.251105414497 803.005547417535 819.127794053819 847.191114637587 880.101101345486 913.161112467448 949.325541178385 968.148878309462 967.715549045139 940.902221679688 915.213338216146 897.916666666667 897.391099717882 898.403327094184 896.359998914931
842.944444444444 831.727776421441 832.704433865017 833.888882107205 840.89889187283 850.774441189236 850.746663411458 851.712219238281 860.391120062934 859.030002170139 839.50889078776 819.537773980035 812.722215440538 818.160000271267 804.161112467448 785.243333604601 777.643337673611 770.772210015191 767.94332546658 766.285563151042 765.962212456597 766.355556911892 767.381117078993 767.66444905599 768.818888346354 767.751105414497 768.928894042969 774.816677517361 780.421115451389 796.952229817708 817.708875868056 833.756659613715 859.986660427517 903.219997829861 937.746670193142 965.483323838976 971.175557454427 963.886678059896 935.662224663628 907.636678059896 892.877780490451 902.537780761719 913.146660698785 906.729994032118
