maps/altitude.asc
ncols	 44
nrows	 54
xllcorner	 nil
yllcorner	 nil
cellSize	 0
NODATA_value	 0
[rows 21 to 41 of 54, columns 0 to 43 of 44]
835.410000271267 826.783331976997 825.582221137153 821.545559353299 823.931111653646 830.830003526476 833.642211914062 834.061109754774 840.038886176215 848.133327907986 846.011115180122 832.155558268229 829.417778862847 830.808898925781 806.768886990017 780.813334147135 772.314446343316 770.249993218316 767.018886990017 765.217787000868 765.213331434462 766.511108398438 767.20888264974 766.861111111111 766.762227376302 768.665547688802 773.245564778646 776.732218424479 784.614454481337 805.611117892795 827.856675889757 850.5 880.091111924913 918.743333604601 955.640001085069 970.268886990017 968.995557996962 951.285556369358 926.022216796875 899.109992133247 892.13222249349 909.34332953559 931.291103786892 930.435553656684
824.137769911024 818.094448513455 817.793334960938 813.697781032986 812.533338758681 816.444444444444 818.091125488281 819.255547417535 822.404439290365 831.356669108073 839.825547960069 837.795552571615 837.402228461372 823.067782931858 794.88222249349 773.988884819878 767.615546332465 767.763326009115 766.466668023003 765.175550672743 765.85888671875 766.852220323351 766.323330349392 765.905558268229 767.038892957899 770.074435763889 774.993340386285 778.842237684462 789.284444173177 804.788899739583 828.637769911024 861.286668565538 892.154439290365 931.298889160156 964.432237413194 969.833333333333 961.34221733941 937.270005967882 913.62555609809 892.078898111979 893.512213812934 916.238884819878 944.188890245226 952.922214084201
816.685560438368 810.580003526476 812.638882107205 810.366658528646 805.688890245226 808.66444905599 808.511108398438 807.69000922309 809.999993218316 817.377787272135 829.997768825955 837.417778862847 835.956665039062 812.084445529514 783.39889187283 766.753336588542 764.111117892795 765.08890109592 765.727769639757 765.655565049913 766.559983995226 765.876675075955 765.59999593099 765.39889187283 767.673333062066 772.583326551649 776.937778049045 780.978888617622 791.065565321181 807.031114366319 831.804436577691 865.242228190104 901.778883192274 943.084445529514 966.092224121094 962.042222764757 944.713331434462 922.538886176215 898.312215169271 888.384433322483 898.203335232205 923.892218695747 949.747782389323 962.863335503472
807.798882378472 802.428880479601 806.455552842882 805.051113552517 801.046664767795 802.598883734809 800.72112358941 800.614454481337 804.861111111111 816.901109483507 829.419996473524 836.696668836806 828.105550130208 800.341111924913 774.118889702691 762.474439832899 762.847785101997 763.676676432292 764.906677246094 767.178887261285 765.385559082031 765.121107313368 764.672220865885 765.839999728733 769.397766113281 774.513339572483 780.418884277344 785.927781846788 794.433329264323 809.852220323351 829.978875054253 857.188883463542 891.896667480469 923.345560709635 939.842224121094 932.357781304253 919.269999186198 901.668884277344 887.999993218316 890.354444715712 907.380004882812 933.928887261285 956.374437120226 965.263326009115
800.501105414497 798.855556911892 801.225558810764 800.85110812717 796.940002441406 796.696668836806 793.693339029948 795.567776150174 808.211113823785 822.9677734375 833.673346625434 833.629991319444 814.852227105035 787.534437391493 767.138888888889 760.916666666667 762.320007324219 763.719991048177 763.454447428385 764.810004340278 765.267774793837 764.249993218316 764.369995117188 767.352220323351 769.726671006944 773.825554741753 782.006659613715 793.137776692708 802.064439561632 811.361111111111 821.969997829861 840.668891059028 863.512227376302 884.953328450521 901.637776692708 901.034444173177 893.695549858941 887.878892686632 893.12444390191 903.324449327257 921.114447699653 944.789998372396 960.748887803819 965.519999186198
795.10110812717 793.966661241319 797.531114366319 796.660007052951 792.587775336372 790.695570203993 788.137769911024 800.081108940972 823.299994574653 833.29000515408 833.827779134115 822.685560438368 798.05221218533 775.793334960938 763.235548231337 761.838887532552 762.530008951823 761.660000271267 761.693332248264 762.985561794705 763.807766384549 763.326666937934 763.85888671875 768.138895670573 770.367784288194 774.215569390191 783.302218967014 796.45110405816 808.318895128038 816.932217068142 822.397772894965 830.719991048177 841.581115722656 854.384453667535 866.696668836806 874.384446885851 882.256659613715 893.913330078125 909.79443359375 925.471116807726 941.323337131076 956.091125488281 963.181098090278 965.708889431424
789.783331976997 788.338887532552 790.550001356337 791.877773708767 789.392225477431 784.853332519531 784.715562608507 800.47555202908 827.036668565538 834.329996744792 820.380004882812 801.715555826823 780.16887749566 764.555555555556 761.731106228299 759.981106228299 760.497768825955 760.972222222222 761.436672634549 762.141120062934 762.17333984375 762.154432508681 763.693339029948 768.26555718316 772.655551486545 781.609998914931 790.493326822917 801.018886990017 813.635545518663 824.205546061198 832.089992947049 837.275553385417 845.019999186198 855.36666531033 864.93223063151 882.256659613715 904.34332953559 921.125562879774 924.325554741753 934.339992947049 949.49222140842 960.091111924913 964.428887261285 966.801106770833
788.563327365451 785.943339029948 784.384446885851 785.131110297309 785.91444905599 781.177781846788 779.425557454427 793.50889078776 815.781107584635 813.871120876736 793.332214355469 777.895548502604 764.736667209201 760.937784830729 759.394443088108 759.162224663628 759.699998643663 760.248887803819 760.821119520399 761.863328721788 761.101114908854 760.753323025174 765.377787272135 772.552225748698 783.899997287326 797.148885091146 805.005554199219 814.644443088108 825.588887532552 833.478888617622 839.981106228299 845.667778862847 854.855550130208 867.054450141059 879.842224121094 903.004442003038 929.76666937934 946.852220323351 949.236667209201 951.860019259983 956.930013020833 962.00777859158 965.654452853733 968.40000406901
784.904439290365 783.098897298177 781.884446885851 780.596659342448 782.938883463542 780.647779676649 775.33112250434 782.680006239149 793.410000271267 786.993333604601 771.923333062066 763.14889187283 760.337775336372 759.094448513455 758.525560167101 758.817782931858 759.525553385417 760.147779676649 760.802218967014 761.537780761719 760.202223036024 763.690002441406 774.615546332465 783.708889431424 800.868876139323 813.456665039062 820.178887261285 831.574456108941 843.106669108073 849.691107855903 853.756652832031 858.697774251302 868.435560438368 882.812235514323 897.528896755642 922.308885362413 944.928880479601 956.706658257378 958.968892415365 961.198886447483 963.533338758681 965.335557725694 967.331115722656 969.49110921224
782.212219238281 779.81110297309 778.933336046007 780.606669108073 784.623331705729 781.538879394531 773.94667561849 773.308892144097 774.027784559462 768.629998101128 761.792222764757 760.315551757812 758.634440104167 757.636664496528 758.080003526476 758.354444715712 759.113335503472 759.741122775608 759.658881293403 759.345553927951 763.308892144097 775.155565049913 786.855556911892 796.697774251302 815.476677788628 829.576666937934 839.280002170139 852.813340928819 867.356669108073 875.804443359375 876.335544162326 876.230000813802 886.478888617622 910.143337673611 929.870001898872 947.773342556424 956.923346625434 961.122233072917 962.586663140191 963.711120605469 965.23444281684 966.97555202908 969.047776963976 970.749993218316
788.114434136285 779.405558268229 776.237786187066 779.85110812717 793.114440917969 780.774441189236 773.298882378472 768.481106228299 765.937778049045 764.138902452257 761.222222222222 758.933322482639 757.11777750651 756.862216525608 757.462226019965 758.258897569444 758.224439832899 758.268886990017 759.006666395399 762.568888346354 774.595560709635 787.508884006076 796.012227376302 806.450005425347 826.884446885851 846.624437120226 863.706665039062 880.298889160156 896.324449327257 909.441114637587 907.534457736545 903.562215169271 915.152221679688 941.805548773872 954.008897569444 958 960.830003526476 963.038879394531 963.843322753906 964.699998643663 965.773342556424 967.483337402344 970.668884277344 969.430006239149
805.964443630642 782.756659613715 775.284437391493 776.286668565538 776.589999728733 772.956671820747 769.464436848958 766.031114366319 763.612216525608 761.997775607639 760.097771538628 756.892218695747 756.677781846788 756.463338216146 756.425557454427 757.591111924913 758.004448784722 762.934448242188 770.142232259115 778.098890516493 788.485561794705 799.345553927951 809.361111111111 823.94778781467 842.701110839844 865.728881835938 886.711107042101 910.977776421441 930.609998914931 943.336669921875 943.60110812717 942.635559082031 948.748887803819 956.207784016927 958.552218967014 958.923326280382 961.4677734375 964.032233344184 964.805548773872 965.498894585503 965.568895128038 964.710008409288 963.973334418403 953.744452582465
809.493326822917 781.556660970052 772.428880479601 768.804443359375 764.213331434462 764.39111328125 763.87555609809 763.060004340278 761.713324652778 760.507771809896 757.687771267361 755.933329264323 756.429999457465 756.318888346354 757.486667209201 758.852220323351 763.714430067274 777.775553385417 784.768886990017 791.608893500434 798.956665039062 812.089999728733 827.464450412326 846.498887803819 863.474446614583 887.047763400608 912.221110026042 939.453342013889 952.117770724826 954.802232530382 955.596659342448 956.426669650608 957.110005696615 957.381110297309 957.990003797743 956.462226019965 958.901109483507 963.721116807726 965.338887532552 964.684448242188 960.621114095052 948.106675889757 933.708889431424 920.461107042101
795.45999484592 775.92333984375 767.77444797092 764.976657443576 764.115559895833 762.435546875 760.704440646701 759.93223063151 758.901102701823 758.967787000868 756.093336317274 754.796664767795 755.503336588542 757.42333984375 758.303331163194 761.708889431424 777.368889702691 790.163336859809 798.133341471354 802.384440104167 812.747782389323 826.410000271267 843.214450412326 861.881103515625 881.75777859158 911.267781575521 936.557786729601 951.060004340278 953.810004340278 953.162217881944 953.386657714844 954.12555609809 955.230000813802 957.715555826823 956.937778049045 946.032219780816 947.566663953993 957.715542263455 961.308892144097 952.906656901042 939.356655544705 918.23444281684 897.603332519531 888.65778266059
775.33778889974 767.212219238281 763.891126844618 762.954433865017 761.32666015625 760.195563422309 758.711100260417 757.463324652778 756.891106499566 758.234449598524 755.511115180122 754.497775607639 754.935553656684 756.783325195312 759.825547960069 777.2822265625 789.295552571615 801.828898111979 810.168897840712 817.590006510417 828.63222249349 841.245564778646 858.623338487413 875.63222249349 903.841111924913 934.745551215278 946.444451226128 949.96334499783 951.767781575521 952.322211371528 953.298889160156 954.322224934896 955.883321126302 957.109998914931 949.866672092014 925.458889431424 917.584445529514 927.958896213108 932.308885362413 921.793334960938 911.5322265625 894.09332953559 875.06888156467 858.995557996962
763.379998101128 762.217780219184 761.576673719618 760.855556911892 759.211100260417 758.101114908854 756.97555202908 755.12444390191 755.18223063151 757.286661783854 754.796664767795 754.548882378472 753.745564778646 753.436672634549 768.074442545573 785.239997016059 801.403333875868 815.73444281684 825.053337944878 832.77444797092 840.04000515408 851.174445258247 871.661112467448 900.538886176215 929.40667046441 943.997782389323 947.054443359375 948.789998372396 951.290011935764 953.171108669705 953.938883463542 954.385552300347 954.24110921224 945.357774522569 922.897779676649 902.350002712674 889.594448513455 891.60110812717 890.851114908854 886.409993489583 884.481113009983 868.676662868924 855.747768825955 840.890001085069
761.066663953993 760.057786729601 759.542222764757 759.255554199219 758.155551486545 756.533338758681 755.000006781684 753.354437934028 752.952229817708 756.555548773872 752.832227918837 753.377780490451 751.877773708767 754.467780219184 772.934448242188 792.713331434462 814.40667046441 830.594455295139 840.293328179253 847.512220594618 851.984436035156 863.033325195312 887.902221679688 924.225558810764 940.283345540365 944.126661512587 944.894449869792 947.29778374566 950.215555826823 951.579996744792 948.006666395399 936.951110839844 932.286661783854 922.954440646701 893.580003526476 870.871120876736 863.64889187283 859.827779134115 855.356669108073 857.368889702691 852.960001627604 838 831.294440375434 816.595560709635
758.844441731771 758.24222140842 757.365566677517 756.991115993924 756.603325737847 754.897772894965 752.079983181424 751.174445258247 751.674445258247 755.409993489583 752.626668294271 752.117770724826 750.348883734809 761.822218153212 788.631117078993 805.865539550781 822.865553114149 844.668897840712 856.548889160156 863.515550401476 867.725545247396 886.855556911892 916.151109483507 938.408894856771 942.396667480469 943.121107313368 945.041110568576 947.67333984375 947.268886990017 939.737772623698 921.643324110243 902.22555202908 894.646667480469 891.327779134115 869.682217068142 851.462226019965 841.219997829861 836.22666422526 827.89889187283 825.752210828993 823.299994574653 814.787780761719 798.052218967014 791.242228190104
757.12444390191 756.378899468316 755.68111843533 755.052218967014 754.753329806858 753.035549587674 750.210008409288 750.247782389323 750.686672634549 752.241115993924 756.216668023003 750.888882107205 753.655558268229 781.054450141059 808.353332519531 827.661112467448 842.754435221354 861.463331434462 873.295566134983 887.69778781467 901.451110839844 922.457777235243 937.117784288194 939.936665852865 940.708889431424 943.091105143229 946.063320583767 946.944444444444 938.223334418403 914.937778049045 892.005560980903 873.569993760851 862.223334418403 856.982218424479 846.461113823785 834.28554280599 823.804450141059 817.308885362413 807.36777750651 801.929992675781 799.032233344184 786.773342556424 779.854444715712 778.069993760851
755.348890516493 754.620001898872 754.192233615451 753.517774793837 752.802232530382 750.20888264974 749.141106499566 749.789998372396 750.054443359375 750.748887803819 753.79111735026 752.169996473524 771.871114095052 803.684461805556 830.154446072049 850.993333604601 864.251118977865 877.931104871962 889.679999457465 907.68889702691 923.146667480469 935.154446072049 937.253329806858 935.674445258247 939.794440375434 944.296651204427 946.838894314236 941.521111382378 918.073337131076 889.873338487413 867.224453396267 849.212212456597 838.397779676649 828.902221679688 823.11666531033 815.260002983941 807.612216525608 802.461100260417 794.303337944878 788.59332953559 782.20999484592 775.10888671875 775.87555609809 774.791103786892
753.166659884983 752.754442003038 752.29778374566 751.087782118056 749.267774793837 748.223334418403 748.261115180122 748.883327907986 749.787780761719 749.246663411458 750.185553656684 761.22666422526 786.508884006076 810.22555202908 829.947781032986 848.933336046007 866.424452039931 877.817776150174 883.183336046007 894.318895128038 908.373338487413 922.692220052083 930.955552842882 933.787773980035 941.907769097222 946.101114908854 944.390001085069 924.783331976997 894.323330349392 866.704433865017 845.612230088976 829.204447428385 819.609998914931 810.195556640625 802.254442003038 797.359998914931 793.243340386285 790.581115722656 786.351114908854 780.955552842882 775.402221679688 774.531121148003 773.661112467448 773.051106770833
